bear 7 61 104 163 169 209 786
bird 383 384 385 386 387 388 389 390 391 392 393 394 395 396 397 398 399 400 401 402 403 404 405 406 407 408 409 410 411 412 413 414 415 416 417 418 419 420 421 422 423 424 425 426 427 428 429 430 431 432 433 434 435 436 437 438 439 440 441 
boats 221 235 236 237 238 239 240 241 242 243 244 245 246 247 248
cars 249 250 256 257 265 267 268 269 270 271 272 273 274 278 279 280 281 282 283 284 285 286 288 290 882 920 962
cat 8 10 11 30 55 95 174 199 206
computer 228 550 551 552 
coral 365 886
dog 2 3 4 5 15 17 18 19 20 21 25 26 27 29 31 32 33 36 41 42 43 45 46 47 49 50 51 56 59 60 63 64 66 68 69 70 71 72 77 79 82 84 86 87 88 89 90 91 93 94 97 98 99 105 106 107 109 110 112 113 114 115 116 117 118 119 123 124 125 126 127 128 130 131 132 133 134 139 140 141 143 144 145 146 148 149 150 151 152 154 155 156 158 160 161 168 170 171 172 173 176 177 179 180 181 184 187 189 191 192 196 197 198 200 202 204 207 208 210 211
fish 442 443 444 445 446 447 448 449 450 451 452 453 454 455 456 457 
flags 995
flowers 357 358
horses 39
leaf
plane 230 231
rainbow
rocks 359 360 361 362 363
sign 861 932
snow
tiger 76
tower 699
train 262 263 887
tree
whales 6 22
window 904 912
zebra 80